background(82, 44, 44);

fill(209, 174, 174);
ellipse(200, 200, 200, 200);


ellipse(200, 200, 180, 180);

fill(125, 235, 115);
ellipse(150, 150, 5, 5);
ellipse(147, 154, 5, 5);
ellipse(156, 150, 5, 5);
ellipse(161, 154, 5, 5);
ellipse(155, 154, 5, 5);
ellipse(151, 154, 5, 5);
ellipse(160, 150, 5, 5);
ellipse(161, 145, 5, 5);

noStroke();
fill(240, 132, 82);
ellipse(232, 206, 100, 100);
fill(255, 0, 0);
ellipse(232, 206, 90, 90);
fill(173, 232, 65);
ellipse(232, 206, 76, 76);

fill(255, 113, 5);
ellipse(212, 184, 10, 10);
ellipse(212, 221, 10, 10);
ellipse(247, 190, 10, 10);
ellipse(242, 226, 10, 10);
stroke(0, 0, 0);
line(187, 201, 281, 213);
line(232, 256, 232, 156);
fill(61, 30, 2);
rect(135, 191, 14, 14);
rect(152, 191, 14, 14);
rect(135, 208, 14, 14);
rect(152, 208, 14, 14);
rect(135, 191, 14, 14);

